 82-910 0 0  4.9999028 1 428112130281410715849 41400V458125000V5867V5866530812724 404905859 V142 27651412  30000                                                  
  0 0 2 0 0  4.9999028 1 1153 70291533829 49390                                                                                                                   
 74-9 5 0 0  4.9999028 1 22085662920851881428235849 49121493225119 5180 4280 42731403905853 V45022724 V125441400                                                  
 85-9 3 0 0  4.9999028 5 1178 79291785070 49121428325990 4280 414002752 25000412                                                                                  
 24-9 1 0 0  4.9999028 1 176537129765660016476165221648910549 49390V270                                                                                           
  0 111 0 0  4.9999028 1 479439030794V3001V7219V053 779896039                                                                                                     
  0 1 6 0 0  4.9999028 1 279439029794V3000V290 76408765297746 75732                                                                                               
 79-9 3 0 0  4.9999028 1 128712529287427314019 530817840                                                                                                          
 55-9 5 1 0  4.9999028 7 2948464299483381933829722524019 2768                                                                                                     
 77-912 0 0  4.9999028 6 49474633094778097348313099 2809 V4364715905308127651                                                                                     
 58-9 8 0 0  4.9999028 1 333114929331562115531                                                                                                                    
 41-9 2 0 0  4.9999028 1 13811762938153021284192800 5308130500                                                                                                    
 50-9 5 0 0  4.9999028 1 2603278296036826 04100278012768 250004019 1101 2724 V603                                                                                 
  0 1 5 0 0  4.9999028 1 279439029794V30017852 7788 7746                                                                                                          
 70-912 0 0  4.9999028 1 4287124302874255 4282230500414002724 412  25000                                                                                          
 19-9 4 0 0  4.9999028 1 27653712976565971642316489149390V270 V061                                                                                                
 63-911 0 0  4.9999028 1 43101383031042731250004019 4280 2780160784V1582V8537                                                                                     
 30-9 9 0 0  4.9999028 1 37753732977564891648212859 V0251V270                                                                                                     
 64-9 3 0 0  4.9999028 1 1417493294175750 0389 42732995902930 4273128860                                                                                          
 73-9 4 0 0  4.9999028 1 2872576298720389 5849 5990 99591276514019 2768                                                                                           
